$ 1 0.000005 10.20027730826997 50 5 50
r -16 160 -16 288 0 330
172 32 160 32 112 0 7 5 5 0 0 0.5 Voltage
r 80 160 80 288 0 470
w 32 160 80 160 0
w -16 160 32 160 0
172 224 160 224 112 0 7 5 5 0 0 0.5 Voltage
r 224 160 224 224 0 330
r 224 224 224 288 0 470
r 464 160 464 240 0 470
r 368 160 368 240 0 330
172 416 160 416 112 0 7 5 5 0 0 0.5 Voltage
w 416 160 464 160 0
w 416 160 368 160 0
w 368 240 416 240 0
w 464 240 416 240 0
w 416 240 416 288 0
x -25 82 89 85 4 15 Circuit\s1\s-\sSimple
x 174 83 284 86 4 15 Circuit\s2\s-\sSeries
x 355 84 473 87 4 15 Circuit\s3\s-\sParallel
